//notes:(PvP) Full Auto Super Shredder 💥💥💥🌟 / 0.9% chance
dimwishlist:item=3937866388&perks=1392496348,3142289711,4267945040,1546637391,1590375901
dimwishlist:item=3937866388&perks=1392496348,3142289711,4267945040,1546637391,1590375902
dimwishlist:item=3937866388&perks=1392496348,3142289711,4267945040,1546637391,1590375903
dimwishlist:item=3937866388&perks=1392496348,3142289711,4267945040,1546637391,1590375896
dimwishlist:item=3937866388&perks=1392496348,3142289711,4267945040,1546637391,1590375897
dimwishlist:item=3937866388&perks=1392496348,3142289711,4267945040,1546637391,1590375898
dimwishlist:item=3937866388&perks=1392496348,3142289711,4267945040,1546637391,1590375899
dimwishlist:item=3937866388&perks=1392496348,3142289711,4267945040,1546637391,1590375892
dimwishlist:item=3937866388&perks=1392496348,3142289711,4267945040,1546637391,1590375893
dimwishlist:item=3937866388&perks=1392496348,3142289711,4267945040,1546637391,384158423
dimwishlist:item=3937866388&perks=1392496348,3142289711,4267945040,1546637391,2942552113
dimwishlist:item=3937866388&perks=1392496348,3142289711,4267945040,1546637391,150943607
dimwishlist:item=3937866388&perks=1392496348,3142289711,4267945040,1546637391,150943604
dimwishlist:item=3937866388&perks=1392496348,3142289711,4267945040,1546637391,150943605
dimwishlist:item=3937866388&perks=1392496348,3142289711,4267945040,1546637391,150943602
dimwishlist:item=3937866388&perks=1392496348,3142289711,4267945040,1546637391,150943603
dimwishlist:item=3937866388&perks=1392496348,3142289711,4267945040,1546637391,150943600
dimwishlist:item=3937866388&perks=1392496348,3142289711,4267945040,1546637391,150943601
dimwishlist:item=3937866388&perks=1392496348,3142289711,4267945040,1546637391,150943614
dimwishlist:item=3937866388&perks=1392496348,3142289711,4267945040,1546637391,150943615
dimwishlist:item=3937866388&perks=1392496348,3142289711,4267945040,1546637391,2697220197
dimwishlist:item=3937866388&perks=1392496348,3142289711,4267945040,1546637391,684616255
dimwishlist:item=3937866388&perks=1392496348,3177308360,4267945040,1546637391,1590375901
dimwishlist:item=3937866388&perks=1392496348,3177308360,4267945040,1546637391,1590375902
dimwishlist:item=3937866388&perks=1392496348,3177308360,4267945040,1546637391,1590375903
dimwishlist:item=3937866388&perks=1392496348,3177308360,4267945040,1546637391,1590375896
dimwishlist:item=3937866388&perks=1392496348,3177308360,4267945040,1546637391,1590375897
dimwishlist:item=3937866388&perks=1392496348,3177308360,4267945040,1546637391,1590375898
dimwishlist:item=3937866388&perks=1392496348,3177308360,4267945040,1546637391,1590375899
dimwishlist:item=3937866388&perks=1392496348,3177308360,4267945040,1546637391,1590375892
dimwishlist:item=3937866388&perks=1392496348,3177308360,4267945040,1546637391,1590375893
dimwishlist:item=3937866388&perks=1392496348,3177308360,4267945040,1546637391,384158423
dimwishlist:item=3937866388&perks=1392496348,3177308360,4267945040,1546637391,2942552113
dimwishlist:item=3937866388&perks=1392496348,3177308360,4267945040,1546637391,150943607
dimwishlist:item=3937866388&perks=1392496348,3177308360,4267945040,1546637391,150943604
dimwishlist:item=3937866388&perks=1392496348,3177308360,4267945040,1546637391,150943605
dimwishlist:item=3937866388&perks=1392496348,3177308360,4267945040,1546637391,150943602
dimwishlist:item=3937866388&perks=1392496348,3177308360,4267945040,1546637391,150943603
dimwishlist:item=3937866388&perks=1392496348,3177308360,4267945040,1546637391,150943600
dimwishlist:item=3937866388&perks=1392496348,3177308360,4267945040,1546637391,150943601
dimwishlist:item=3937866388&perks=1392496348,3177308360,4267945040,1546637391,150943614
dimwishlist:item=3937866388&perks=1392496348,3177308360,4267945040,1546637391,150943615
dimwishlist:item=3937866388&perks=1392496348,3177308360,4267945040,1546637391,2697220197
dimwishlist:item=3937866388&perks=1392496348,3177308360,4267945040,1546637391,684616255
dimwishlist:item=3937866388&perks=1392496348,3230963543,4267945040,1546637391,1590375901
dimwishlist:item=3937866388&perks=1392496348,3230963543,4267945040,1546637391,1590375902
dimwishlist:item=3937866388&perks=1392496348,3230963543,4267945040,1546637391,1590375903
dimwishlist:item=3937866388&perks=1392496348,3230963543,4267945040,1546637391,1590375896
dimwishlist:item=3937866388&perks=1392496348,3230963543,4267945040,1546637391,1590375897
dimwishlist:item=3937866388&perks=1392496348,3230963543,4267945040,1546637391,1590375898
dimwishlist:item=3937866388&perks=1392496348,3230963543,4267945040,1546637391,1590375899
dimwishlist:item=3937866388&perks=1392496348,3230963543,4267945040,1546637391,1590375892
dimwishlist:item=3937866388&perks=1392496348,3230963543,4267945040,1546637391,1590375893
dimwishlist:item=3937866388&perks=1392496348,3230963543,4267945040,1546637391,384158423
dimwishlist:item=3937866388&perks=1392496348,3230963543,4267945040,1546637391,2942552113
dimwishlist:item=3937866388&perks=1392496348,3230963543,4267945040,1546637391,150943607
dimwishlist:item=3937866388&perks=1392496348,3230963543,4267945040,1546637391,150943604
dimwishlist:item=3937866388&perks=1392496348,3230963543,4267945040,1546637391,150943605
dimwishlist:item=3937866388&perks=1392496348,3230963543,4267945040,1546637391,150943602
dimwishlist:item=3937866388&perks=1392496348,3230963543,4267945040,1546637391,150943603
dimwishlist:item=3937866388&perks=1392496348,3230963543,4267945040,1546637391,150943600
dimwishlist:item=3937866388&perks=1392496348,3230963543,4267945040,1546637391,150943601
dimwishlist:item=3937866388&perks=1392496348,3230963543,4267945040,1546637391,150943614
dimwishlist:item=3937866388&perks=1392496348,3230963543,4267945040,1546637391,150943615
dimwishlist:item=3937866388&perks=1392496348,3230963543,4267945040,1546637391,2697220197
dimwishlist:item=3937866388&perks=1392496348,3230963543,4267945040,1546637391,684616255
dimwishlist:item=3937866388&perks=1392496348,106909392,4267945040,1546637391,1590375901
dimwishlist:item=3937866388&perks=1392496348,106909392,4267945040,1546637391,1590375902
dimwishlist:item=3937866388&perks=1392496348,106909392,4267945040,1546637391,1590375903
dimwishlist:item=3937866388&perks=1392496348,106909392,4267945040,1546637391,1590375896
dimwishlist:item=3937866388&perks=1392496348,106909392,4267945040,1546637391,1590375897
dimwishlist:item=3937866388&perks=1392496348,106909392,4267945040,1546637391,1590375898
dimwishlist:item=3937866388&perks=1392496348,106909392,4267945040,1546637391,1590375899
dimwishlist:item=3937866388&perks=1392496348,106909392,4267945040,1546637391,1590375892
dimwishlist:item=3937866388&perks=1392496348,106909392,4267945040,1546637391,1590375893
dimwishlist:item=3937866388&perks=1392496348,106909392,4267945040,1546637391,384158423
dimwishlist:item=3937866388&perks=1392496348,106909392,4267945040,1546637391,2942552113
dimwishlist:item=3937866388&perks=1392496348,106909392,4267945040,1546637391,150943607
dimwishlist:item=3937866388&perks=1392496348,106909392,4267945040,1546637391,150943604
dimwishlist:item=3937866388&perks=1392496348,106909392,4267945040,1546637391,150943605
dimwishlist:item=3937866388&perks=1392496348,106909392,4267945040,1546637391,150943602
dimwishlist:item=3937866388&perks=1392496348,106909392,4267945040,1546637391,150943603
dimwishlist:item=3937866388&perks=1392496348,106909392,4267945040,1546637391,150943600
dimwishlist:item=3937866388&perks=1392496348,106909392,4267945040,1546637391,150943601
dimwishlist:item=3937866388&perks=1392496348,106909392,4267945040,1546637391,150943614
dimwishlist:item=3937866388&perks=1392496348,106909392,4267945040,1546637391,150943615
dimwishlist:item=3937866388&perks=1392496348,106909392,4267945040,1546637391,2697220197
dimwishlist:item=3937866388&perks=1392496348,106909392,4267945040,1546637391,684616255
dimwishlist:item=3937866388&perks=3661387068,3142289711,4267945040,1546637391,1590375901
dimwishlist:item=3937866388&perks=3661387068,3142289711,4267945040,1546637391,1590375902
dimwishlist:item=3937866388&perks=3661387068,3142289711,4267945040,1546637391,1590375903
dimwishlist:item=3937866388&perks=3661387068,3142289711,4267945040,1546637391,1590375896
dimwishlist:item=3937866388&perks=3661387068,3142289711,4267945040,1546637391,1590375897
dimwishlist:item=3937866388&perks=3661387068,3142289711,4267945040,1546637391,1590375898
dimwishlist:item=3937866388&perks=3661387068,3142289711,4267945040,1546637391,1590375899
dimwishlist:item=3937866388&perks=3661387068,3142289711,4267945040,1546637391,1590375892
dimwishlist:item=3937866388&perks=3661387068,3142289711,4267945040,1546637391,1590375893
dimwishlist:item=3937866388&perks=3661387068,3142289711,4267945040,1546637391,384158423
dimwishlist:item=3937866388&perks=3661387068,3142289711,4267945040,1546637391,2942552113
dimwishlist:item=3937866388&perks=3661387068,3142289711,4267945040,1546637391,150943607
dimwishlist:item=3937866388&perks=3661387068,3142289711,4267945040,1546637391,150943604
dimwishlist:item=3937866388&perks=3661387068,3142289711,4267945040,1546637391,150943605
dimwishlist:item=3937866388&perks=3661387068,3142289711,4267945040,1546637391,150943602
dimwishlist:item=3937866388&perks=3661387068,3142289711,4267945040,1546637391,150943603
dimwishlist:item=3937866388&perks=3661387068,3142289711,4267945040,1546637391,150943600
dimwishlist:item=3937866388&perks=3661387068,3142289711,4267945040,1546637391,150943601
dimwishlist:item=3937866388&perks=3661387068,3142289711,4267945040,1546637391,150943614
dimwishlist:item=3937866388&perks=3661387068,3142289711,4267945040,1546637391,150943615
dimwishlist:item=3937866388&perks=3661387068,3142289711,4267945040,1546637391,2697220197
dimwishlist:item=3937866388&perks=3661387068,3142289711,4267945040,1546637391,684616255
dimwishlist:item=3937866388&perks=3661387068,3177308360,4267945040,1546637391,1590375901
dimwishlist:item=3937866388&perks=3661387068,3177308360,4267945040,1546637391,1590375902
dimwishlist:item=3937866388&perks=3661387068,3177308360,4267945040,1546637391,1590375903
dimwishlist:item=3937866388&perks=3661387068,3177308360,4267945040,1546637391,1590375896
dimwishlist:item=3937866388&perks=3661387068,3177308360,4267945040,1546637391,1590375897
dimwishlist:item=3937866388&perks=3661387068,3177308360,4267945040,1546637391,1590375898
dimwishlist:item=3937866388&perks=3661387068,3177308360,4267945040,1546637391,1590375899
dimwishlist:item=3937866388&perks=3661387068,3177308360,4267945040,1546637391,1590375892
dimwishlist:item=3937866388&perks=3661387068,3177308360,4267945040,1546637391,1590375893
dimwishlist:item=3937866388&perks=3661387068,3177308360,4267945040,1546637391,384158423
dimwishlist:item=3937866388&perks=3661387068,3177308360,4267945040,1546637391,2942552113
dimwishlist:item=3937866388&perks=3661387068,3177308360,4267945040,1546637391,150943607
dimwishlist:item=3937866388&perks=3661387068,3177308360,4267945040,1546637391,150943604
dimwishlist:item=3937866388&perks=3661387068,3177308360,4267945040,1546637391,150943605
dimwishlist:item=3937866388&perks=3661387068,3177308360,4267945040,1546637391,150943602
dimwishlist:item=3937866388&perks=3661387068,3177308360,4267945040,1546637391,150943603
dimwishlist:item=3937866388&perks=3661387068,3177308360,4267945040,1546637391,150943600
dimwishlist:item=3937866388&perks=3661387068,3177308360,4267945040,1546637391,150943601
dimwishlist:item=3937866388&perks=3661387068,3177308360,4267945040,1546637391,150943614
dimwishlist:item=3937866388&perks=3661387068,3177308360,4267945040,1546637391,150943615
dimwishlist:item=3937866388&perks=3661387068,3177308360,4267945040,1546637391,2697220197
dimwishlist:item=3937866388&perks=3661387068,3177308360,4267945040,1546637391,684616255
dimwishlist:item=3937866388&perks=3661387068,3230963543,4267945040,1546637391,1590375901
dimwishlist:item=3937866388&perks=3661387068,3230963543,4267945040,1546637391,1590375902
dimwishlist:item=3937866388&perks=3661387068,3230963543,4267945040,1546637391,1590375903
dimwishlist:item=3937866388&perks=3661387068,3230963543,4267945040,1546637391,1590375896
dimwishlist:item=3937866388&perks=3661387068,3230963543,4267945040,1546637391,1590375897
dimwishlist:item=3937866388&perks=3661387068,3230963543,4267945040,1546637391,1590375898
dimwishlist:item=3937866388&perks=3661387068,3230963543,4267945040,1546637391,1590375899
dimwishlist:item=3937866388&perks=3661387068,3230963543,4267945040,1546637391,1590375892
dimwishlist:item=3937866388&perks=3661387068,3230963543,4267945040,1546637391,1590375893
dimwishlist:item=3937866388&perks=3661387068,3230963543,4267945040,1546637391,384158423
dimwishlist:item=3937866388&perks=3661387068,3230963543,4267945040,1546637391,2942552113
dimwishlist:item=3937866388&perks=3661387068,3230963543,4267945040,1546637391,150943607
dimwishlist:item=3937866388&perks=3661387068,3230963543,4267945040,1546637391,150943604
dimwishlist:item=3937866388&perks=3661387068,3230963543,4267945040,1546637391,150943605
dimwishlist:item=3937866388&perks=3661387068,3230963543,4267945040,1546637391,150943602
dimwishlist:item=3937866388&perks=3661387068,3230963543,4267945040,1546637391,150943603
dimwishlist:item=3937866388&perks=3661387068,3230963543,4267945040,1546637391,150943600
dimwishlist:item=3937866388&perks=3661387068,3230963543,4267945040,1546637391,150943601
dimwishlist:item=3937866388&perks=3661387068,3230963543,4267945040,1546637391,150943614
dimwishlist:item=3937866388&perks=3661387068,3230963543,4267945040,1546637391,150943615
dimwishlist:item=3937866388&perks=3661387068,3230963543,4267945040,1546637391,2697220197
dimwishlist:item=3937866388&perks=3661387068,3230963543,4267945040,1546637391,684616255
dimwishlist:item=3937866388&perks=3661387068,106909392,4267945040,1546637391,1590375901
dimwishlist:item=3937866388&perks=3661387068,106909392,4267945040,1546637391,1590375902
dimwishlist:item=3937866388&perks=3661387068,106909392,4267945040,1546637391,1590375903
dimwishlist:item=3937866388&perks=3661387068,106909392,4267945040,1546637391,1590375896
dimwishlist:item=3937866388&perks=3661387068,106909392,4267945040,1546637391,1590375897
dimwishlist:item=3937866388&perks=3661387068,106909392,4267945040,1546637391,1590375898
dimwishlist:item=3937866388&perks=3661387068,106909392,4267945040,1546637391,1590375899
dimwishlist:item=3937866388&perks=3661387068,106909392,4267945040,1546637391,1590375892
dimwishlist:item=3937866388&perks=3661387068,106909392,4267945040,1546637391,1590375893
dimwishlist:item=3937866388&perks=3661387068,106909392,4267945040,1546637391,384158423
dimwishlist:item=3937866388&perks=3661387068,106909392,4267945040,1546637391,2942552113
dimwishlist:item=3937866388&perks=3661387068,106909392,4267945040,1546637391,150943607
dimwishlist:item=3937866388&perks=3661387068,106909392,4267945040,1546637391,150943604
dimwishlist:item=3937866388&perks=3661387068,106909392,4267945040,1546637391,150943605
dimwishlist:item=3937866388&perks=3661387068,106909392,4267945040,1546637391,150943602
dimwishlist:item=3937866388&perks=3661387068,106909392,4267945040,1546637391,150943603
dimwishlist:item=3937866388&perks=3661387068,106909392,4267945040,1546637391,150943600
dimwishlist:item=3937866388&perks=3661387068,106909392,4267945040,1546637391,150943601
dimwishlist:item=3937866388&perks=3661387068,106909392,4267945040,1546637391,150943614
dimwishlist:item=3937866388&perks=3661387068,106909392,4267945040,1546637391,150943615
dimwishlist:item=3937866388&perks=3661387068,106909392,4267945040,1546637391,2697220197
dimwishlist:item=3937866388&perks=3661387068,106909392,4267945040,1546637391,684616255
dimwishlist:item=3937866388&perks=1482024992,3142289711,4267945040,1546637391,1590375901
dimwishlist:item=3937866388&perks=1482024992,3142289711,4267945040,1546637391,1590375902
dimwishlist:item=3937866388&perks=1482024992,3142289711,4267945040,1546637391,1590375903
dimwishlist:item=3937866388&perks=1482024992,3142289711,4267945040,1546637391,1590375896
dimwishlist:item=3937866388&perks=1482024992,3142289711,4267945040,1546637391,1590375897
dimwishlist:item=3937866388&perks=1482024992,3142289711,4267945040,1546637391,1590375898
dimwishlist:item=3937866388&perks=1482024992,3142289711,4267945040,1546637391,1590375899
dimwishlist:item=3937866388&perks=1482024992,3142289711,4267945040,1546637391,1590375892
dimwishlist:item=3937866388&perks=1482024992,3142289711,4267945040,1546637391,1590375893
dimwishlist:item=3937866388&perks=1482024992,3142289711,4267945040,1546637391,384158423
dimwishlist:item=3937866388&perks=1482024992,3142289711,4267945040,1546637391,2942552113
dimwishlist:item=3937866388&perks=1482024992,3142289711,4267945040,1546637391,150943607
dimwishlist:item=3937866388&perks=1482024992,3142289711,4267945040,1546637391,150943604
dimwishlist:item=3937866388&perks=1482024992,3142289711,4267945040,1546637391,150943605
dimwishlist:item=3937866388&perks=1482024992,3142289711,4267945040,1546637391,150943602
dimwishlist:item=3937866388&perks=1482024992,3142289711,4267945040,1546637391,150943603
dimwishlist:item=3937866388&perks=1482024992,3142289711,4267945040,1546637391,150943600
dimwishlist:item=3937866388&perks=1482024992,3142289711,4267945040,1546637391,150943601
dimwishlist:item=3937866388&perks=1482024992,3142289711,4267945040,1546637391,150943614
dimwishlist:item=3937866388&perks=1482024992,3142289711,4267945040,1546637391,150943615
dimwishlist:item=3937866388&perks=1482024992,3142289711,4267945040,1546637391,2697220197
dimwishlist:item=3937866388&perks=1482024992,3142289711,4267945040,1546637391,684616255
dimwishlist:item=3937866388&perks=1482024992,3177308360,4267945040,1546637391,1590375901
dimwishlist:item=3937866388&perks=1482024992,3177308360,4267945040,1546637391,1590375902
dimwishlist:item=3937866388&perks=1482024992,3177308360,4267945040,1546637391,1590375903
dimwishlist:item=3937866388&perks=1482024992,3177308360,4267945040,1546637391,1590375896
dimwishlist:item=3937866388&perks=1482024992,3177308360,4267945040,1546637391,1590375897
dimwishlist:item=3937866388&perks=1482024992,3177308360,4267945040,1546637391,1590375898
dimwishlist:item=3937866388&perks=1482024992,3177308360,4267945040,1546637391,1590375899
dimwishlist:item=3937866388&perks=1482024992,3177308360,4267945040,1546637391,1590375892
dimwishlist:item=3937866388&perks=1482024992,3177308360,4267945040,1546637391,1590375893
dimwishlist:item=3937866388&perks=1482024992,3177308360,4267945040,1546637391,384158423
dimwishlist:item=3937866388&perks=1482024992,3177308360,4267945040,1546637391,2942552113
dimwishlist:item=3937866388&perks=1482024992,3177308360,4267945040,1546637391,150943607
dimwishlist:item=3937866388&perks=1482024992,3177308360,4267945040,1546637391,150943604
dimwishlist:item=3937866388&perks=1482024992,3177308360,4267945040,1546637391,150943605
dimwishlist:item=3937866388&perks=1482024992,3177308360,4267945040,1546637391,150943602
dimwishlist:item=3937866388&perks=1482024992,3177308360,4267945040,1546637391,150943603
dimwishlist:item=3937866388&perks=1482024992,3177308360,4267945040,1546637391,150943600
dimwishlist:item=3937866388&perks=1482024992,3177308360,4267945040,1546637391,150943601
dimwishlist:item=3937866388&perks=1482024992,3177308360,4267945040,1546637391,150943614
dimwishlist:item=3937866388&perks=1482024992,3177308360,4267945040,1546637391,150943615
dimwishlist:item=3937866388&perks=1482024992,3177308360,4267945040,1546637391,2697220197
dimwishlist:item=3937866388&perks=1482024992,3177308360,4267945040,1546637391,684616255
dimwishlist:item=3937866388&perks=1482024992,3230963543,4267945040,1546637391,1590375901
dimwishlist:item=3937866388&perks=1482024992,3230963543,4267945040,1546637391,1590375902
dimwishlist:item=3937866388&perks=1482024992,3230963543,4267945040,1546637391,1590375903
dimwishlist:item=3937866388&perks=1482024992,3230963543,4267945040,1546637391,1590375896
dimwishlist:item=3937866388&perks=1482024992,3230963543,4267945040,1546637391,1590375897
dimwishlist:item=3937866388&perks=1482024992,3230963543,4267945040,1546637391,1590375898
dimwishlist:item=3937866388&perks=1482024992,3230963543,4267945040,1546637391,1590375899
dimwishlist:item=3937866388&perks=1482024992,3230963543,4267945040,1546637391,1590375892
dimwishlist:item=3937866388&perks=1482024992,3230963543,4267945040,1546637391,1590375893
dimwishlist:item=3937866388&perks=1482024992,3230963543,4267945040,1546637391,384158423
dimwishlist:item=3937866388&perks=1482024992,3230963543,4267945040,1546637391,2942552113
dimwishlist:item=3937866388&perks=1482024992,3230963543,4267945040,1546637391,150943607
dimwishlist:item=3937866388&perks=1482024992,3230963543,4267945040,1546637391,150943604
dimwishlist:item=3937866388&perks=1482024992,3230963543,4267945040,1546637391,150943605
dimwishlist:item=3937866388&perks=1482024992,3230963543,4267945040,1546637391,150943602
dimwishlist:item=3937866388&perks=1482024992,3230963543,4267945040,1546637391,150943603
dimwishlist:item=3937866388&perks=1482024992,3230963543,4267945040,1546637391,150943600
dimwishlist:item=3937866388&perks=1482024992,3230963543,4267945040,1546637391,150943601
dimwishlist:item=3937866388&perks=1482024992,3230963543,4267945040,1546637391,150943614
dimwishlist:item=3937866388&perks=1482024992,3230963543,4267945040,1546637391,150943615
dimwishlist:item=3937866388&perks=1482024992,3230963543,4267945040,1546637391,2697220197
dimwishlist:item=3937866388&perks=1482024992,3230963543,4267945040,1546637391,684616255
dimwishlist:item=3937866388&perks=1482024992,106909392,4267945040,1546637391,1590375901
dimwishlist:item=3937866388&perks=1482024992,106909392,4267945040,1546637391,1590375902
dimwishlist:item=3937866388&perks=1482024992,106909392,4267945040,1546637391,1590375903
dimwishlist:item=3937866388&perks=1482024992,106909392,4267945040,1546637391,1590375896
dimwishlist:item=3937866388&perks=1482024992,106909392,4267945040,1546637391,1590375897
dimwishlist:item=3937866388&perks=1482024992,106909392,4267945040,1546637391,1590375898
dimwishlist:item=3937866388&perks=1482024992,106909392,4267945040,1546637391,1590375899
dimwishlist:item=3937866388&perks=1482024992,106909392,4267945040,1546637391,1590375892
dimwishlist:item=3937866388&perks=1482024992,106909392,4267945040,1546637391,1590375893
dimwishlist:item=3937866388&perks=1482024992,106909392,4267945040,1546637391,384158423
dimwishlist:item=3937866388&perks=1482024992,106909392,4267945040,1546637391,2942552113
dimwishlist:item=3937866388&perks=1482024992,106909392,4267945040,1546637391,150943607
dimwishlist:item=3937866388&perks=1482024992,106909392,4267945040,1546637391,150943604
dimwishlist:item=3937866388&perks=1482024992,106909392,4267945040,1546637391,150943605
dimwishlist:item=3937866388&perks=1482024992,106909392,4267945040,1546637391,150943602
dimwishlist:item=3937866388&perks=1482024992,106909392,4267945040,1546637391,150943603
dimwishlist:item=3937866388&perks=1482024992,106909392,4267945040,1546637391,150943600
dimwishlist:item=3937866388&perks=1482024992,106909392,4267945040,1546637391,150943601
dimwishlist:item=3937866388&perks=1482024992,106909392,4267945040,1546637391,150943614
dimwishlist:item=3937866388&perks=1482024992,106909392,4267945040,1546637391,150943615
dimwishlist:item=3937866388&perks=1482024992,106909392,4267945040,1546637391,2697220197
dimwishlist:item=3937866388&perks=1482024992,106909392,4267945040,1546637391,684616255
dimwishlist:item=3937866388&perks=4090651448,3142289711,4267945040,1546637391,1590375901
dimwishlist:item=3937866388&perks=4090651448,3142289711,4267945040,1546637391,1590375902
dimwishlist:item=3937866388&perks=4090651448,3142289711,4267945040,1546637391,1590375903
dimwishlist:item=3937866388&perks=4090651448,3142289711,4267945040,1546637391,1590375896
dimwishlist:item=3937866388&perks=4090651448,3142289711,4267945040,1546637391,1590375897
dimwishlist:item=3937866388&perks=4090651448,3142289711,4267945040,1546637391,1590375898
dimwishlist:item=3937866388&perks=4090651448,3142289711,4267945040,1546637391,1590375899
dimwishlist:item=3937866388&perks=4090651448,3142289711,4267945040,1546637391,1590375892
dimwishlist:item=3937866388&perks=4090651448,3142289711,4267945040,1546637391,1590375893
dimwishlist:item=3937866388&perks=4090651448,3142289711,4267945040,1546637391,384158423
dimwishlist:item=3937866388&perks=4090651448,3142289711,4267945040,1546637391,2942552113
dimwishlist:item=3937866388&perks=4090651448,3142289711,4267945040,1546637391,150943607
dimwishlist:item=3937866388&perks=4090651448,3142289711,4267945040,1546637391,150943604
dimwishlist:item=3937866388&perks=4090651448,3142289711,4267945040,1546637391,150943605
dimwishlist:item=3937866388&perks=4090651448,3142289711,4267945040,1546637391,150943602
dimwishlist:item=3937866388&perks=4090651448,3142289711,4267945040,1546637391,150943603
dimwishlist:item=3937866388&perks=4090651448,3142289711,4267945040,1546637391,150943600
dimwishlist:item=3937866388&perks=4090651448,3142289711,4267945040,1546637391,150943601
dimwishlist:item=3937866388&perks=4090651448,3142289711,4267945040,1546637391,150943614
dimwishlist:item=3937866388&perks=4090651448,3142289711,4267945040,1546637391,150943615
dimwishlist:item=3937866388&perks=4090651448,3142289711,4267945040,1546637391,2697220197
dimwishlist:item=3937866388&perks=4090651448,3142289711,4267945040,1546637391,684616255
dimwishlist:item=3937866388&perks=4090651448,3177308360,4267945040,1546637391,1590375901
dimwishlist:item=3937866388&perks=4090651448,3177308360,4267945040,1546637391,1590375902
dimwishlist:item=3937866388&perks=4090651448,3177308360,4267945040,1546637391,1590375903
dimwishlist:item=3937866388&perks=4090651448,3177308360,4267945040,1546637391,1590375896
dimwishlist:item=3937866388&perks=4090651448,3177308360,4267945040,1546637391,1590375897
dimwishlist:item=3937866388&perks=4090651448,3177308360,4267945040,1546637391,1590375898
dimwishlist:item=3937866388&perks=4090651448,3177308360,4267945040,1546637391,1590375899
dimwishlist:item=3937866388&perks=4090651448,3177308360,4267945040,1546637391,1590375892
dimwishlist:item=3937866388&perks=4090651448,3177308360,4267945040,1546637391,1590375893
dimwishlist:item=3937866388&perks=4090651448,3177308360,4267945040,1546637391,384158423
dimwishlist:item=3937866388&perks=4090651448,3177308360,4267945040,1546637391,2942552113
dimwishlist:item=3937866388&perks=4090651448,3177308360,4267945040,1546637391,150943607
dimwishlist:item=3937866388&perks=4090651448,3177308360,4267945040,1546637391,150943604
dimwishlist:item=3937866388&perks=4090651448,3177308360,4267945040,1546637391,150943605
dimwishlist:item=3937866388&perks=4090651448,3177308360,4267945040,1546637391,150943602
dimwishlist:item=3937866388&perks=4090651448,3177308360,4267945040,1546637391,150943603
dimwishlist:item=3937866388&perks=4090651448,3177308360,4267945040,1546637391,150943600
dimwishlist:item=3937866388&perks=4090651448,3177308360,4267945040,1546637391,150943601
dimwishlist:item=3937866388&perks=4090651448,3177308360,4267945040,1546637391,150943614
dimwishlist:item=3937866388&perks=4090651448,3177308360,4267945040,1546637391,150943615
dimwishlist:item=3937866388&perks=4090651448,3177308360,4267945040,1546637391,2697220197
dimwishlist:item=3937866388&perks=4090651448,3177308360,4267945040,1546637391,684616255
dimwishlist:item=3937866388&perks=4090651448,3230963543,4267945040,1546637391,1590375901
dimwishlist:item=3937866388&perks=4090651448,3230963543,4267945040,1546637391,1590375902
dimwishlist:item=3937866388&perks=4090651448,3230963543,4267945040,1546637391,1590375903
dimwishlist:item=3937866388&perks=4090651448,3230963543,4267945040,1546637391,1590375896
dimwishlist:item=3937866388&perks=4090651448,3230963543,4267945040,1546637391,1590375897
dimwishlist:item=3937866388&perks=4090651448,3230963543,4267945040,1546637391,1590375898
dimwishlist:item=3937866388&perks=4090651448,3230963543,4267945040,1546637391,1590375899
dimwishlist:item=3937866388&perks=4090651448,3230963543,4267945040,1546637391,1590375892
dimwishlist:item=3937866388&perks=4090651448,3230963543,4267945040,1546637391,1590375893
dimwishlist:item=3937866388&perks=4090651448,3230963543,4267945040,1546637391,384158423
dimwishlist:item=3937866388&perks=4090651448,3230963543,4267945040,1546637391,2942552113
dimwishlist:item=3937866388&perks=4090651448,3230963543,4267945040,1546637391,150943607
dimwishlist:item=3937866388&perks=4090651448,3230963543,4267945040,1546637391,150943604
dimwishlist:item=3937866388&perks=4090651448,3230963543,4267945040,1546637391,150943605
dimwishlist:item=3937866388&perks=4090651448,3230963543,4267945040,1546637391,150943602
dimwishlist:item=3937866388&perks=4090651448,3230963543,4267945040,1546637391,150943603
dimwishlist:item=3937866388&perks=4090651448,3230963543,4267945040,1546637391,150943600
dimwishlist:item=3937866388&perks=4090651448,3230963543,4267945040,1546637391,150943601
dimwishlist:item=3937866388&perks=4090651448,3230963543,4267945040,1546637391,150943614
dimwishlist:item=3937866388&perks=4090651448,3230963543,4267945040,1546637391,150943615
dimwishlist:item=3937866388&perks=4090651448,3230963543,4267945040,1546637391,2697220197
dimwishlist:item=3937866388&perks=4090651448,3230963543,4267945040,1546637391,684616255
dimwishlist:item=3937866388&perks=4090651448,106909392,4267945040,1546637391,1590375901
dimwishlist:item=3937866388&perks=4090651448,106909392,4267945040,1546637391,1590375902
dimwishlist:item=3937866388&perks=4090651448,106909392,4267945040,1546637391,1590375903
dimwishlist:item=3937866388&perks=4090651448,106909392,4267945040,1546637391,1590375896
dimwishlist:item=3937866388&perks=4090651448,106909392,4267945040,1546637391,1590375897
dimwishlist:item=3937866388&perks=4090651448,106909392,4267945040,1546637391,1590375898
dimwishlist:item=3937866388&perks=4090651448,106909392,4267945040,1546637391,1590375899
dimwishlist:item=3937866388&perks=4090651448,106909392,4267945040,1546637391,1590375892
dimwishlist:item=3937866388&perks=4090651448,106909392,4267945040,1546637391,1590375893
dimwishlist:item=3937866388&perks=4090651448,106909392,4267945040,1546637391,384158423
dimwishlist:item=3937866388&perks=4090651448,106909392,4267945040,1546637391,2942552113
dimwishlist:item=3937866388&perks=4090651448,106909392,4267945040,1546637391,150943607
dimwishlist:item=3937866388&perks=4090651448,106909392,4267945040,1546637391,150943604
dimwishlist:item=3937866388&perks=4090651448,106909392,4267945040,1546637391,150943605
dimwishlist:item=3937866388&perks=4090651448,106909392,4267945040,1546637391,150943602
dimwishlist:item=3937866388&perks=4090651448,106909392,4267945040,1546637391,150943603
dimwishlist:item=3937866388&perks=4090651448,106909392,4267945040,1546637391,150943600
dimwishlist:item=3937866388&perks=4090651448,106909392,4267945040,1546637391,150943601
dimwishlist:item=3937866388&perks=4090651448,106909392,4267945040,1546637391,150943614
dimwishlist:item=3937866388&perks=4090651448,106909392,4267945040,1546637391,150943615
dimwishlist:item=3937866388&perks=4090651448,106909392,4267945040,1546637391,2697220197
dimwishlist:item=3937866388&perks=4090651448,106909392,4267945040,1546637391,684616255
dimwishlist:item=3937866388&perks=3250034553,3142289711,4267945040,1546637391,1590375901
dimwishlist:item=3937866388&perks=3250034553,3142289711,4267945040,1546637391,1590375902
dimwishlist:item=3937866388&perks=3250034553,3142289711,4267945040,1546637391,1590375903
dimwishlist:item=3937866388&perks=3250034553,3142289711,4267945040,1546637391,1590375896
dimwishlist:item=3937866388&perks=3250034553,3142289711,4267945040,1546637391,1590375897
dimwishlist:item=3937866388&perks=3250034553,3142289711,4267945040,1546637391,1590375898
dimwishlist:item=3937866388&perks=3250034553,3142289711,4267945040,1546637391,1590375899
dimwishlist:item=3937866388&perks=3250034553,3142289711,4267945040,1546637391,1590375892
dimwishlist:item=3937866388&perks=3250034553,3142289711,4267945040,1546637391,1590375893
dimwishlist:item=3937866388&perks=3250034553,3142289711,4267945040,1546637391,384158423
dimwishlist:item=3937866388&perks=3250034553,3142289711,4267945040,1546637391,2942552113
dimwishlist:item=3937866388&perks=3250034553,3142289711,4267945040,1546637391,150943607
dimwishlist:item=3937866388&perks=3250034553,3142289711,4267945040,1546637391,150943604
dimwishlist:item=3937866388&perks=3250034553,3142289711,4267945040,1546637391,150943605
dimwishlist:item=3937866388&perks=3250034553,3142289711,4267945040,1546637391,150943602
dimwishlist:item=3937866388&perks=3250034553,3142289711,4267945040,1546637391,150943603
dimwishlist:item=3937866388&perks=3250034553,3142289711,4267945040,1546637391,150943600
dimwishlist:item=3937866388&perks=3250034553,3142289711,4267945040,1546637391,150943601
dimwishlist:item=3937866388&perks=3250034553,3142289711,4267945040,1546637391,150943614
dimwishlist:item=3937866388&perks=3250034553,3142289711,4267945040,1546637391,150943615
dimwishlist:item=3937866388&perks=3250034553,3142289711,4267945040,1546637391,2697220197
dimwishlist:item=3937866388&perks=3250034553,3142289711,4267945040,1546637391,684616255
dimwishlist:item=3937866388&perks=3250034553,3177308360,4267945040,1546637391,1590375901
dimwishlist:item=3937866388&perks=3250034553,3177308360,4267945040,1546637391,1590375902
dimwishlist:item=3937866388&perks=3250034553,3177308360,4267945040,1546637391,1590375903
dimwishlist:item=3937866388&perks=3250034553,3177308360,4267945040,1546637391,1590375896
dimwishlist:item=3937866388&perks=3250034553,3177308360,4267945040,1546637391,1590375897
dimwishlist:item=3937866388&perks=3250034553,3177308360,4267945040,1546637391,1590375898
dimwishlist:item=3937866388&perks=3250034553,3177308360,4267945040,1546637391,1590375899
dimwishlist:item=3937866388&perks=3250034553,3177308360,4267945040,1546637391,1590375892
dimwishlist:item=3937866388&perks=3250034553,3177308360,4267945040,1546637391,1590375893
dimwishlist:item=3937866388&perks=3250034553,3177308360,4267945040,1546637391,384158423
dimwishlist:item=3937866388&perks=3250034553,3177308360,4267945040,1546637391,2942552113
dimwishlist:item=3937866388&perks=3250034553,3177308360,4267945040,1546637391,150943607
dimwishlist:item=3937866388&perks=3250034553,3177308360,4267945040,1546637391,150943604
dimwishlist:item=3937866388&perks=3250034553,3177308360,4267945040,1546637391,150943605
dimwishlist:item=3937866388&perks=3250034553,3177308360,4267945040,1546637391,150943602
dimwishlist:item=3937866388&perks=3250034553,3177308360,4267945040,1546637391,150943603
dimwishlist:item=3937866388&perks=3250034553,3177308360,4267945040,1546637391,150943600
dimwishlist:item=3937866388&perks=3250034553,3177308360,4267945040,1546637391,150943601
dimwishlist:item=3937866388&perks=3250034553,3177308360,4267945040,1546637391,150943614
dimwishlist:item=3937866388&perks=3250034553,3177308360,4267945040,1546637391,150943615
dimwishlist:item=3937866388&perks=3250034553,3177308360,4267945040,1546637391,2697220197
dimwishlist:item=3937866388&perks=3250034553,3177308360,4267945040,1546637391,684616255
dimwishlist:item=3937866388&perks=3250034553,3230963543,4267945040,1546637391,1590375901
dimwishlist:item=3937866388&perks=3250034553,3230963543,4267945040,1546637391,1590375902
dimwishlist:item=3937866388&perks=3250034553,3230963543,4267945040,1546637391,1590375903
dimwishlist:item=3937866388&perks=3250034553,3230963543,4267945040,1546637391,1590375896
dimwishlist:item=3937866388&perks=3250034553,3230963543,4267945040,1546637391,1590375897
dimwishlist:item=3937866388&perks=3250034553,3230963543,4267945040,1546637391,1590375898
dimwishlist:item=3937866388&perks=3250034553,3230963543,4267945040,1546637391,1590375899
dimwishlist:item=3937866388&perks=3250034553,3230963543,4267945040,1546637391,1590375892
dimwishlist:item=3937866388&perks=3250034553,3230963543,4267945040,1546637391,1590375893
dimwishlist:item=3937866388&perks=3250034553,3230963543,4267945040,1546637391,384158423
dimwishlist:item=3937866388&perks=3250034553,3230963543,4267945040,1546637391,2942552113
dimwishlist:item=3937866388&perks=3250034553,3230963543,4267945040,1546637391,150943607
dimwishlist:item=3937866388&perks=3250034553,3230963543,4267945040,1546637391,150943604
dimwishlist:item=3937866388&perks=3250034553,3230963543,4267945040,1546637391,150943605
dimwishlist:item=3937866388&perks=3250034553,3230963543,4267945040,1546637391,150943602
dimwishlist:item=3937866388&perks=3250034553,3230963543,4267945040,1546637391,150943603
dimwishlist:item=3937866388&perks=3250034553,3230963543,4267945040,1546637391,150943600
dimwishlist:item=3937866388&perks=3250034553,3230963543,4267945040,1546637391,150943601
dimwishlist:item=3937866388&perks=3250034553,3230963543,4267945040,1546637391,150943614
dimwishlist:item=3937866388&perks=3250034553,3230963543,4267945040,1546637391,150943615
dimwishlist:item=3937866388&perks=3250034553,3230963543,4267945040,1546637391,2697220197
dimwishlist:item=3937866388&perks=3250034553,3230963543,4267945040,1546637391,684616255
dimwishlist:item=3937866388&perks=3250034553,106909392,4267945040,1546637391,1590375901
dimwishlist:item=3937866388&perks=3250034553,106909392,4267945040,1546637391,1590375902
dimwishlist:item=3937866388&perks=3250034553,106909392,4267945040,1546637391,1590375903
dimwishlist:item=3937866388&perks=3250034553,106909392,4267945040,1546637391,1590375896
dimwishlist:item=3937866388&perks=3250034553,106909392,4267945040,1546637391,1590375897
dimwishlist:item=3937866388&perks=3250034553,106909392,4267945040,1546637391,1590375898
dimwishlist:item=3937866388&perks=3250034553,106909392,4267945040,1546637391,1590375899
dimwishlist:item=3937866388&perks=3250034553,106909392,4267945040,1546637391,1590375892
dimwishlist:item=3937866388&perks=3250034553,106909392,4267945040,1546637391,1590375893
dimwishlist:item=3937866388&perks=3250034553,106909392,4267945040,1546637391,384158423
dimwishlist:item=3937866388&perks=3250034553,106909392,4267945040,1546637391,2942552113
dimwishlist:item=3937866388&perks=3250034553,106909392,4267945040,1546637391,150943607
dimwishlist:item=3937866388&perks=3250034553,106909392,4267945040,1546637391,150943604
dimwishlist:item=3937866388&perks=3250034553,106909392,4267945040,1546637391,150943605
dimwishlist:item=3937866388&perks=3250034553,106909392,4267945040,1546637391,150943602
dimwishlist:item=3937866388&perks=3250034553,106909392,4267945040,1546637391,150943603
dimwishlist:item=3937866388&perks=3250034553,106909392,4267945040,1546637391,150943600
dimwishlist:item=3937866388&perks=3250034553,106909392,4267945040,1546637391,150943601
dimwishlist:item=3937866388&perks=3250034553,106909392,4267945040,1546637391,150943614
dimwishlist:item=3937866388&perks=3250034553,106909392,4267945040,1546637391,150943615
dimwishlist:item=3937866388&perks=3250034553,106909392,4267945040,1546637391,2697220197
dimwishlist:item=3937866388&perks=3250034553,106909392,4267945040,1546637391,684616255
//notes:(PvP) Full Auto Super Shredder 💥💥💥 (-masterworks) / 1.8% chance
dimwishlist:item=3937866388&perks=1392496348,3142289711,4267945040,1546637391
dimwishlist:item=3937866388&perks=1392496348,3177308360,4267945040,1546637391
dimwishlist:item=3937866388&perks=1392496348,3230963543,4267945040,1546637391
dimwishlist:item=3937866388&perks=1392496348,106909392,4267945040,1546637391
dimwishlist:item=3937866388&perks=3661387068,3142289711,4267945040,1546637391
dimwishlist:item=3937866388&perks=3661387068,3177308360,4267945040,1546637391
dimwishlist:item=3937866388&perks=3661387068,3230963543,4267945040,1546637391
dimwishlist:item=3937866388&perks=3661387068,106909392,4267945040,1546637391
dimwishlist:item=3937866388&perks=1482024992,3142289711,4267945040,1546637391
dimwishlist:item=3937866388&perks=1482024992,3177308360,4267945040,1546637391
dimwishlist:item=3937866388&perks=1482024992,3230963543,4267945040,1546637391
dimwishlist:item=3937866388&perks=1482024992,106909392,4267945040,1546637391
dimwishlist:item=3937866388&perks=4090651448,3142289711,4267945040,1546637391
dimwishlist:item=3937866388&perks=4090651448,3177308360,4267945040,1546637391
dimwishlist:item=3937866388&perks=4090651448,3230963543,4267945040,1546637391
dimwishlist:item=3937866388&perks=4090651448,106909392,4267945040,1546637391
dimwishlist:item=3937866388&perks=3250034553,3142289711,4267945040,1546637391
dimwishlist:item=3937866388&perks=3250034553,3177308360,4267945040,1546637391
dimwishlist:item=3937866388&perks=3250034553,3230963543,4267945040,1546637391
dimwishlist:item=3937866388&perks=3250034553,106909392,4267945040,1546637391
